7.037935 1.010424 0.863141 -0.918165 0.984360 -0.096430 0.049929 -0.138724
7.048253 1.009280 0.863178 -0.918478 0.984144 -0.093385 0.040443 -0.145272
7.060309 1.008145 0.863188 -0.918842 0.983903 -0.091252 0.033385 -0.149980
7.070638 1.006688 0.861624 -0.918774 0.984930 -0.079493 0.024318 -0.151663
7.081863 1.006737 0.863329 -0.920241 0.983568 -0.086886 0.018614 -0.157157
7.093107 1.006624 0.863648 -0.920479 0.983868 -0.082646 0.012419 -0.158175
7.104619 1.006691 0.863999 -0.920772 0.983805 -0.079619 0.006844 -0.160440
7.116053 1.007465 0.864574 -0.921049 0.983541 -0.077040 0.001902 -0.163427
7.126395 1.009541 0.865638 -0.921568 0.983029 -0.075925 -0.001918 -0.166990
7.137614 1.011461 0.866904 -0.921770 0.982501 -0.075652 -0.004468 -0.170146
7.149216 1.015986 0.869337 -0.922081 0.980996 -0.079417 -0.002218 -0.177018
7.159279 1.020677 0.871376 -0.922386 0.979295 -0.081765 -0.000896 -0.185189
7.170955 1.027334 0.874120 -0.922657 0.976934 -0.086100 0.006173 -0.195315
7.182313 1.035327 0.877102 -0.923154 0.974551 -0.091556 0.016422 -0.203958
7.193499 1.043802 0.879840 -0.923522 0.972249 -0.096265 0.025502 -0.211693
7.204427 1.055954 0.883025 -0.924476 0.967893 -0.104393 0.044465 -0.224294
7.215173 1.068100 0.885737 -0.925609 0.962906 -0.112199 0.064699 -0.236722
7.226524 1.080930 0.888123 -0.926970 0.957576 -0.118689 0.084487 -0.248643
7.237973 1.094900 0.889933 -0.928523 0.951036 -0.124628 0.111112 -0.260100
7.248677 1.110893 0.893303 -0.930519 0.943183 -0.130266 0.141959 -0.270712
7.260203 1.124898 0.892553 -0.933371 0.933674 -0.135305 0.172675 -0.283072
7.271112 1.141825 0.892613 -0.937533 0.919149 -0.142194 0.212448 -0.299687
7.282311 1.156877 0.892747 -0.941805 0.905511 -0.148902 0.246211 -0.311864
7.293475 1.172644 0.893441 -0.946659 0.891247 -0.155315 0.279637 -0.321496
7.304947 1.187172 0.892825 -0.952585 0.876435 -0.163387 0.311821 -0.328535
7.315747 1.200454 0.891838 -0.959120 0.862461 -0.171562 0.340637 -0.332706
7.327260 1.213206 0.892546 -0.965396 0.848189 -0.177668 0.368829 -0.336118
7.338430 1.224323 0.891165 -0.971964 0.834868 -0.181494 0.395223 -0.337423

8.343846 0.946189 0.895499 -0.982949 0.887897 -0.052578 -0.452985 -0.060667
8.355006 0.961465 0.918657 -0.972088 0.884814 -0.051198 -0.459799 -0.055392
8.366106 0.959380 0.914483 -0.974973 0.884150 -0.051550 -0.461374 -0.052502
8.377546 0.962190 0.916037 -0.974528 0.884876 -0.050079 -0.459858 -0.054934
8.388389 0.971382 0.929148 -0.968898 0.884019 -0.049536 -0.462097 -0.050235
8.399849 0.973974 0.931019 -0.967525 0.884692 -0.045005 -0.461205 -0.050842
8.410658 0.977008 0.933121 -0.965974 0.886604 -0.043127 -0.458118 -0.046922
8.422006 0.984543 0.941992 -0.961723 0.888441 -0.043405 -0.455183 -0.039972
8.433441 0.989412 0.945569 -0.958865 0.893185 -0.046647 -0.446091 -0.032364
8.444364 0.994261 0.949228 -0.956349 0.896917 -0.049486 -0.438507 -0.028332
8.455151 1.003245 0.957892 -0.951891 0.902235 -0.055054 -0.426857 -0.027085
8.466234 1.011045 0.964375 -0.947392 0.908884 -0.061374 -0.411275 -0.031876
8.477529 1.020238 0.971947 -0.942282 0.916474 -0.069752 -0.391874 -0.040552
8.488884 1.038945 0.993325 -0.933299 0.923415 -0.078447 -0.372896 -0.045824
8.499877 1.044349 0.992586 -0.931945 0.931128 -0.089043 -0.349498 -0.054071
8.511069 1.056657 1.001632 -0.926781 0.939115 -0.100028 -0.323036 -0.060876
8.522186 1.062032 0.998949 -0.926897 0.947853 -0.111253 -0.291412 -0.065400
8.533340 1.076128 1.008033 -0.921915 0.955924 -0.121546 -0.256735 -0.074317
8.544601 1.090934 1.016664 -0.919493 0.963140 -0.131733 -0.218705 -0.084709
8.555866 1.101269 1.014014 -0.918951 0.968499 -0.139564 -0.180204 -0.100293
8.567001 1.118243 1.021873 -0.915837 0.971484 -0.146674 -0.140287 -0.122576
8.578312 1.136201 1.029774 -0.915179 0.972821 -0.155016 -0.096687 -0.142270
8.589636 1.146348 1.022959 -0.918977 0.971152 -0.162226 -0.055146 -0.165851
8.600676 1.163848 1.028394 -0.918851 0.967200 -0.168528 -0.014110 -0.189533
8.611943 1.182111 1.032477 -0.919396 0.960620 -0.171426 0.029843 -0.216638
8.623179 1.193875 1.023954 -0.925786 0.952092 -0.169895 0.076934 -0.242358
8.634240 1.202766 1.009273 -0.934887 0.939990 -0.170954 0.127332 -0.266422
8.645596 1.211933 0.994553 -0.943957 0.924463 -0.172644 0.181697 -0.287312
8.656920 1.219002 0.972301 -0.957253 0.904894 -0.176160 0.233462 -0.309242
8.667935 1.235120 0.968751 -0.964373 0.881466 -0.181166 0.282435 -0.332305
8.679579 1.249810 0.964686 -0.971747 0.858591 -0.186021 0.326662 -0.348583
8.690738 1.257861 0.950134 -0.983552 0.834874 -0.189509 0.367383 -0.363458
8.701806 1.266022 0.937793 -0.995306 0.811132 -0.191932 0.406738 -0.373886
8.713045 1.274887 0.933897 -1.003559 0.795518 -0.192978 0.439490 -0.369810
8.724117 1.277671 0.924721 -1.014414 0.783673 -0.193168 0.470313 -0.356859

9.685220 1.062763 0.925730 -0.983911 0.966623 -0.168006 -0.138603 -0.134920
9.696463 1.056827 0.924426 -0.987249 0.964754 -0.168383 -0.157119 -0.127322
9.707343 1.051906 0.924271 -0.989409 0.962838 -0.169544 -0.173425 -0.118833
9.718712 1.047787 0.924811 -0.990840 0.961074 -0.171425 -0.184668 -0.113346
9.729598 1.043600 0.923801 -0.992667 0.959458 -0.171044 -0.195613 -0.109182
9.740911 1.041110 0.923294 -0.993825 0.958282 -0.167686 -0.202677 -0.111797
9.752215 1.039344 0.922318 -0.995061 0.956729 -0.162491 -0.211641 -0.116081
9.763347 1.037125 0.921633 -0.996111 0.954878 -0.157946 -0.223227 -0.115896
9.774491 1.034841 0.920783 -0.997743 0.953179 -0.156088 -0.235334 -0.108191
9.785601 1.032862 0.920388 -0.999726 0.951356 -0.154940 -0.247011 -0.099502
9.796634 1.031812 0.919045 -1.001416 0.949563 -0.152209 -0.258095 -0.092464
9.808079 1.031340 0.918209 -1.003003 0.947464 -0.146989 -0.268881 -0.091705
9.819134 1.031684 0.917781 -1.004224 0.945264 -0.141728 -0.278149 -0.094985
9.830608 1.031281 0.917369 -1.005980 0.942996 -0.138331 -0.287095 -0.095918
9.841981 1.032475 0.917198 -1.007503 0.940869 -0.136678 -0.293616 -0.099370
9.852635 1.032962 0.916941 -1.009269 0.938848 -0.134101 -0.301066 -0.099700
9.863910 1.033131 0.916603 -1.011456 0.937420 -0.131329 -0.307387 -0.097513
9.875012 1.032923 0.916511 -1.013505 0.936035 -0.130019 -0.313833 -0.091885
9.886553 1.032611 0.917070 -1.015618 0.934660 -0.130690 -0.319016 -0.086951
9.897516 1.032215 0.917657 -1.017821 0.933285 -0.130966 -0.323587 -0.084367
9.908467 1.031694 0.918858 -1.019607 0.931838 -0.131384 -0.327078 -0.086229
9.919658 1.030637 0.920239 -1.021598 0.929651 -0.131935 -0.331625 -0.091476
9.930747 1.029418 0.921532 -1.023562 0.927061 -0.133707 -0.337084 -0.095158
9.941948 1.026633 0.923065 -1.025917 0.922149 -0.136399 -0.347118 -0.102696
9.953377 1.024298 0.924069 -1.028639 0.917533 -0.137395 -0.357154 -0.108151
9.964377 1.020561 0.924919 -1.031623 0.911191 -0.137178 -0.371668 -0.113031
9.975525 1.016625 0.925001 -1.034940 0.904652 -0.135858 -0.387262 -0.114785
9.986891 1.012640 0.925312 -1.038469 0.898983 -0.134632 -0.401577 -0.111532
9.998020 1.009089 0.925071 -1.041787 0.893583 -0.133634 -0.414687 -0.108105
10.008940 1.005715 0.924506 -1.044901 0.888889 -0.132102 -0.426619 -0.102084
10.020380 1.003064 0.924266 -1.047358 0.884665 -0.131016 -0.436689 -0.097497
10.031330 1.000994 0.924250 -1.049227 0.881182 -0.131300 -0.444262 -0.094398
10.042540 0.999853 0.924682 -1.050173 0.879019 -0.132610 -0.448261 -0.093823
10.053850 0.999070 0.924594 -1.050860 0.876844 -0.133773 -0.451951 -0.094810
10.064830 0.999558 0.925453 -1.050172 0.877069 -0.135717 -0.450437 -0.097149
10.076050 1.000745 0.926315 -1.048930 0.878514 -0.138456 -0.446523 -0.098289
10.087380 1.002503 0.926950 -1.047287 0.881318 -0.141986 -0.439814 -0.098403
10.098380 1.005245 0.927340 -1.044993 0.883825 -0.144836 -0.433546 -0.099573
10.109710 1.009647 0.928441 -1.041170 0.889731 -0.149644 -0.419114 -0.101628
10.120640 1.013846 0.929280 -1.037750 0.894469 -0.153214 -0.406752 -0.104900
10.131770 1.019375 0.930346 -1.032732 0.901779 -0.154917 -0.387884 -0.111089
10.143100 1.025964 0.931207 -1.026761 0.910973 -0.155607 -0.363359 -0.117836
10.154450 1.034043 0.932365 -1.020064 0.920812 -0.157032 -0.335154 -0.122955
10.165390 1.040614 0.933037 -1.014597 0.928365 -0.158856 -0.311258 -0.126579
10.176890 1.050580 0.933814 -1.006165 0.940412 -0.163491 -0.269934 -0.126619
10.187920 1.062643 0.935543 -0.998193 0.950493 -0.167373 -0.226118 -0.131982
10.198730 1.073717 0.936070 -0.990870 0.957862 -0.167889 -0.185307 -0.141334
10.209900 1.087815 0.936084 -0.982637 0.963071 -0.163105 -0.137094 -0.164608
10.221410 1.102883 0.937418 -0.976057 0.965524 -0.158361 -0.091686 -0.185145
10.232360 1.118431 0.935687 -0.970231 0.963918 -0.149752 -0.038215 -0.216739
10.243680 1.134600 0.932876 -0.966012 0.958651 -0.141413 0.018252 -0.246286
10.254590 1.150726 0.931953 -0.963149 0.952266 -0.135591 0.070559 -0.264246
10.265840 1.165410 0.928066 -0.961592 0.942839 -0.130106 0.119900 -0.282401
10.277050 1.178902 0.924114 -0.962144 0.933033 -0.127289 0.165639 -0.292935
10.288120 1.191983 0.923939 -0.962141 0.926158 -0.123949 0.201536 -0.293687
10.299180 1.199627 0.915459 -0.965364 0.915882 -0.120305 0.233040 -0.303939
10.310660 1.207822 0.912290 -0.967796 0.902874 -0.121442 0.252833 -0.325800
10.321610 1.215433 0.909818 -0.969144 0.890170 -0.121869 0.275608 -0.341740
10.332540 1.218935 0.905634 -0.973856 0.879483 -0.123553 0.297551 -0.350296
10.344110 1.222249 0.905088 -0.976303 0.875994 -0.127652 0.313723 -0.343391
10.354960 1.224929 0.904886 -0.977499 0.873526 -0.130305 0.332425 -0.330856
10.366430 1.224491 0.905191 -0.980947 0.873578 -0.133364 0.347093 -0.314012
10.377320 1.220377 0.908005 -0.981642 0.881302 -0.138636 0.345418 -0.291159
10.388800 1.219595 0.908629 -0.982329 0.879580 -0.141660 0.350135 -0.289270
10.399660 1.216229 0.909335 -0.983857 0.879144 -0.147633 0.345036 -0.293702
10.410830 1.212865 0.910219 -0.983476 0.882649 -0.149207 0.334042 -0.295100

10.990930 1.182002 0.905719 -0.961602 0.902256 -0.119806 0.215378 -0.353827
11.002360 1.182092 0.911206 -0.965040 0.898463 -0.139545 0.199054 -0.365607
11.013560 1.182077 0.917937 -0.968778 0.894231 -0.163474 0.178471 -0.376531
11.024570 1.181131 0.926494 -0.974006 0.889711 -0.186719 0.157982 -0.385477
11.035890 1.181121 0.934235 -0.978489 0.882398 -0.210267 0.138581 -0.397438
11.047330 1.181124 0.941295 -0.983641 0.874525 -0.232514 0.119645 -0.408447
11.058530 1.180027 0.951117 -0.990979 0.865803 -0.260150 0.097279 -0.416225
11.069700 1.179277 0.961302 -0.998559 0.856988 -0.289189 0.073770 -0.420117
11.081070 1.177985 0.972128 -1.007634 0.848491 -0.319270 0.046900 -0.419441
11.092570 1.175882 0.981691 -1.016788 0.839974 -0.347400 0.021258 -0.416300
11.103950 1.171751 0.993428 -1.027822 0.834089 -0.376490 -0.009936 -0.403053
11.114570 1.168422 1.003623 -1.038562 0.824378 -0.403116 -0.039001 -0.395446
11.125630 1.163745 1.012675 -1.051431 0.812148 -0.426258 -0.073658 -0.391529
11.136940 1.158807 1.022255 -1.063494 0.799486 -0.444937 -0.109818 -0.388322
11.148060 1.153586 1.031683 -1.075143 0.787054 -0.459470 -0.146214 -0.384779
11.159430 1.146797 1.037475 -1.088563 0.775287 -0.473781 -0.180068 -0.376880
11.170950 1.140035 1.045357 -1.100837 0.766602 -0.484811 -0.211646 -0.363985
11.181790 1.131966 1.052218 -1.113034 0.757854 -0.495916 -0.243061 -0.347340
11.193050 1.123830 1.055823 -1.126145 0.748477 -0.506763 -0.274233 -0.328285
11.204220 1.115644 1.060826 -1.138643 0.739179 -0.516332 -0.303456 -0.308108
11.215260 1.106815 1.061963 -1.151738 0.728799 -0.525505 -0.332088 -0.287079
11.226460 1.098196 1.064856 -1.163281 0.719845 -0.531307 -0.359350 -0.265336
11.237720 1.088251 1.064641 -1.175715 0.709903 -0.535248 -0.386991 -0.244512
11.249030 1.080253 1.064291 -1.185798 0.701074 -0.536694 -0.412566 -0.224155
11.260070 1.072953 1.065646 -1.195045 0.690859 -0.539403 -0.436264 -0.203548
11.271250 1.065164 1.064164 -1.203703 0.681913 -0.540538 -0.457055 -0.184156
11.282260 1.058636 1.062010 -1.210250 0.674534 -0.540719 -0.474903 -0.164603
11.293520 1.053125 1.060817 -1.215539 0.668651 -0.539718 -0.489244 -0.149166
11.304940 1.048729 1.060178 -1.219057 0.664283 -0.537105 -0.501984 -0.135122

11.827470 1.052551 1.053463 -1.197646 0.681731 -0.527170 -0.476237 -0.174737
11.838830 1.054601 1.055085 -1.194813 0.684143 -0.526640 -0.470792 -0.181532
11.850180 1.057176 1.056067 -1.191515 0.687889 -0.527337 -0.461138 -0.189937
11.860950 1.060053 1.057108 -1.188764 0.690522 -0.528788 -0.451828 -0.198530
11.872370 1.064380 1.058517 -1.184893 0.693319 -0.530108 -0.439664 -0.212112
11.883530 1.068188 1.058794 -1.181821 0.694300 -0.532511 -0.430609 -0.221257
11.894650 1.072143 1.059825 -1.179419 0.694791 -0.537226 -0.420028 -0.228541
11.905880 1.076793 1.060763 -1.176580 0.695676 -0.542478 -0.409116 -0.233189
11.917170 1.081320 1.061068 -1.172912 0.696478 -0.544782 -0.399789 -0.241452
11.928440 1.086335 1.061493 -1.168211 0.699289 -0.545753 -0.387083 -0.251626
11.939540 1.091799 1.061931 -1.162703 0.704434 -0.545788 -0.370414 -0.262073
11.951080 1.096959 1.062317 -1.156999 0.709946 -0.545372 -0.352295 -0.272828
11.962570 1.103151 1.062765 -1.149271 0.717851 -0.543180 -0.327860 -0.286626
11.973580 1.109209 1.063288 -1.140790 0.727420 -0.537470 -0.300674 -0.302625
11.984830 1.115827 1.062732 -1.131084 0.737187 -0.529148 -0.271497 -0.320697
11.996190 1.122396 1.062428 -1.121662 0.743974 -0.520456 -0.243827 -0.340848
12.007400 1.129399 1.061354 -1.110511 0.752230 -0.507395 -0.209405 -0.364486
12.018670 1.137349 1.057526 -1.096958 0.763198 -0.488430 -0.162965 -0.390394
12.030180 1.144459 1.054005 -1.084841 0.772501 -0.470398 -0.118795 -0.409704
12.041100 1.151534 1.048523 -1.071688 0.785003 -0.443731 -0.068497 -0.426827
12.052390 1.158844 1.039560 -1.057339 0.796611 -0.407404 -0.018230 -0.446207
12.063570 1.165432 1.029300 -1.044125 0.807061 -0.366153 0.033467 -0.462023
12.075130 1.171619 1.017766 -1.032769 0.812984 -0.325302 0.082913 -0.475775
12.086520 1.177399 1.003501 -1.021197 0.814679 -0.279356 0.128587 -0.491654
12.097620 1.182951 0.988433 -1.011643 0.809705 -0.234648 0.166709 -0.511397
12.109120 1.187811 0.972992 -1.003670 0.800514 -0.191147 0.200662 -0.531389
12.120570 1.191931 0.958527 -0.996418 0.787471 -0.152810 0.230079 -0.551002
12.131590 1.194101 0.945086 -0.991697 0.770291 -0.118602 0.257773 -0.571086
12.142800 1.196862 0.933614 -0.987170 0.749318 -0.100111 0.276557 -0.593310

12.643600 1.185746 0.918426 -0.974250 0.799770 -0.117217 0.236912 -0.538982
12.655420 1.186269 0.925001 -0.977633 0.801221 -0.138303 0.226097 -0.536467
12.665430 1.187443 0.932050 -0.980948 0.801443 -0.161118 0.215041 -0.534311
12.676540 1.188205 0.942956 -0.986582 0.802234 -0.195807 0.197592 -0.528239
12.687920 1.188993 0.951370 -0.991464 0.800307 -0.223481 0.183304 -0.525324
12.699050 1.188708 0.963496 -0.999149 0.795112 -0.257837 0.165151 -0.523491
12.710130 1.189581 0.974540 -1.008272 0.788541 -0.289730 0.146050 -0.522426
12.721330 1.189018 0.986487 -1.016858 0.781958 -0.323190 0.121848 -0.518887
12.732650 1.187260 0.998958 -1.026264 0.774440 -0.355496 0.096215 -0.514401
12.743830 1.184693 1.011705 -1.037325 0.764363 -0.390033 0.062081 -0.509676
12.755030 1.182553 1.022168 -1.049342 0.753135 -0.421401 0.032237 -0.504152
12.766370 1.178334 1.033676 -1.062402 0.739479 -0.454748 -0.002724 -0.496354
12.777490 1.173791 1.043859 -1.075621 0.725690 -0.487513 -0.038442 -0.483971
12.788680 1.167112 1.051332 -1.090918 0.713926 -0.515924 -0.074936 -0.467459
12.800160 1.160880 1.059771 -1.104421 0.704576 -0.538919 -0.109357 -0.448532
12.811640 1.154825 1.067379 -1.117664 0.693654 -0.559972 -0.141243 -0.430496
12.822420 1.146179 1.068818 -1.131937 0.682564 -0.576694 -0.174191 -0.413749
12.833390 1.137084 1.068612 -1.148003 0.668044 -0.594774 -0.208085 -0.395805
12.844680 1.129095 1.072142 -1.159037 0.656863 -0.608493 -0.238820 -0.375809
12.856230 1.122950 1.074539 -1.169081 0.649281 -0.618831 -0.264387 -0.354376
12.867180 1.114953 1.075245 -1.179838 0.644755 -0.626783 -0.284649 -0.332278
12.878490 1.107780 1.077313 -1.189150 0.639513 -0.634179 -0.303698 -0.310819
12.889880 1.102944 1.076609 -1.195683 0.636414 -0.638524 -0.317869 -0.293639
12.901060 1.097520 1.077266 -1.202057 0.631069 -0.641025 -0.334666 -0.280781
12.912320 1.092466 1.077051 -1.207367 0.626127 -0.641114 -0.351716 -0.270616
12.924280 1.088594 1.075875 -1.212014 0.620002 -0.642445 -0.368570 -0.258878
12.935170 1.085655 1.075822 -1.214816 0.615340 -0.642273 -0.382789 -0.249631

